1000
100
1010
101
1020
102
1030
103
1040
104
1050
105
1060
106
1070
107
1080
108
1090
109
1100
110
1110
111
1120
112
1130
113
1140
114
1150
115
1160
116
1170
117
1180
118
1190
119
1200
120
1210
121
1220
122
1230
123
1240
124
1250
125
1260
126
1270
127
1280
128
1290
129
1300
130
1310
131
1320
132
1330
133
1340
134
1350
135
1360
136
1370
137
1380
138
1390
139
1400
140
1410
141
1420
142
1430
143
1440
144
1450
145
1460
146
1470
147
1480
148
1490
149
1500
150
1510
151
1520
152
1530
153
1540
154
1550
155
1560
156
1570
157
1580
158
1590
159
1600
160
1610
161
1620
162
1630
163
1640
164
1650
165
1660
166
1670
167
1680
168
1690
169
1700
170
1710
171
1720
172
1730
173
1740
174
1750
175
1760
176
1770
177
1780
178
1790
179
1800
180
1810
181
1820
182
1830
183
1840
184
1850
185
1860
186
1870
187
1880
188
1890
189
1900
190
1910
191
1920
192
1930
193
1940
194
1950
195
1960
196
1970
197
1980
198
1990
199
